0103506000623
010350900916
0103510006975
0103514012619
0103514021383
0103517011591
0103517021317
0103518018051
0103519007028
0103521022055
0103524000753
0103524012000
0103524019390
0103525036697
0103529020086
0103530024375
0103531014934
0103531027548
0103535014688
0103537039203
0103541025203
0103543016287
0103546034430
0103549011066
0103558017098
0103559004691
0103559004691
0103560013053
0103562001575
0105482000159
0105485000231
0105489000600
0105493000643
0105494000710
0105497000320
0105497000362
0105497000664
0105499000459
0105501001232
0105502000663
0105502001210
0105503000586
0105505000010
0105506000757
0105506001729
0105506002474
0105507001757
0105507001919
0105507002214
0105508000665
0105509000812
0105509004699
0105509004737
0105510000693
0105510002718
0105510003790
0105510004052
0105511000468
0105511001928
0105513001747
0105513002514
0105513005467
0105514007099
0105515000918
0105515001183
0105515003313
0105515005812
0105515006258
0105516000113
0105516000709
0105516003104
0105516003937
0105516004925
0105516007860
0105516010992
0105517005615
0105517005879
0105517006956
0105517008860
0105517009831
0105518001591
0105518002938
0105518005449
0105518011759
0105518012712
0105519001072
0105519007453
0105519009871
0105519011094
0105519012813
0105519013992
0105520003440
0105520005639
0105520007933
0105520015901
0105520017742
0105521003966
0105521005187
0105521006841
0105521011829
0105521018041
0105521020437
0105521022481
0105522007566
0105522008252
0105522020244
0105523007276
0105523012253
0105523012253
010552301939
0105523022585
0105524007342
0105524013181
0105524017208
0105524026762
0105524030239
0105525028581
0105525029765
0105525032839
0105526005941
0105526021458
0105526035114
0105526039365
0105526046230
0105526047651
0105526049913
0105526051144
0105526053791
0105527002805
0105527018396
0105527018663
0105527031091
0105527033514
0105527043706
0105528008912
0105528008912
0105528014122
0105528024322
0105528040476
0105528041839
0105528044137
0105529004139
0105529008291
0105529010651
0105529018385
0105529019063
0105529029794
0105529030776
0105529030849
0105529035841
0105529041972
0105529045625
0105530003426
0105530010520
0105530011895
0105530016978
0105530029557
0105530035654
0105530036545
0105530037339
0105530037398
0105530039820
0105530041158
0105530041166
0105530041778
0105530050645
0105530052133
0105530058344
010553006093
0105531002385
0105531005163
0105531012747
0105531015916
0105531015916
0105531016386
0105531020049
0105531024397
0105531052838
0105531053842
0105531060369
0105531060369
0105531061888
0105531063341
0105531063678
0105531065531
0105531070381
0105531075366
0105531087925
0105531095146
0105531098919
0105531100107
0105532004021
0105532007496
0105532008409
0105532016304
0105532029082
0105532029791
0105532036135
0105532052424
0105532054273
0105532066336
0105532068592
0105532071259
0105532073430
0105532074568
0105532076927
0105532085021
0105532085217
0105532091659
0105532094780
0105532096537
0105532098033
0105532100151
0105532110611
0105532114110
0105532117534
0105532120870
0105532124573
0105533003508
0105533013562
0105533014798
0105533017118
0105533023924
0105533034021
0105533046479
0105533060650
0105533063438
0105533076831
0105533079636
0105533079946
0105533087094
0105533096034
0105533101160
0105533102883
0105533107061
0105533121675
0105533125735
0105533129471
0105533129498
0105533135757
0105533138861
0105533140581
0105533144501
0105533144586
0105534002327
0105534015372
0105534021950
0105534027346
0105534038305
0105534044895
0105534057857
0105534073020
0105534080131
0105534096151
0105534096721
0105534100230
0105534106688
0105534113625
0105534119771
0105534123957
010553501244
0105535013543
0105535023964
0105535027625
0105535042977
0105535066159
0105535069352
0105535075018
0105535079005
0105535136700
0105535162662
0105535167591
0105535169420
0105536009116
0105536019910
0105536020799
0105536027840
0105536034072
0105536044957
0105536048464
0105536051929
0105536052291
0105536098381
010553611319
0105536120980
0105536122109
0105536140387
0105536140387
0105537023601
0105537032090
0105537043555
0105537045817
0105537046473
0105537078065
0105537095920
0105537101776
0105537119675
0105537123494
0105537146079
0105537146079
0105537150963
0105537150963
0105538012572
0105538015296
0105538021822
0105538034011
0105538061468
0105538075906
0105538080284
0105538090590
0105538091278
0105538091529
0105538113808
0105538119881
0105538126195
0105538130125
0105538136166
0105538147893
0105539025015
0105539035011
0105539044966
0105539046373
0105539046594
0105539051679
0105539115961
0105539126326
0105539128876
0105540000934
0105540001205
0105540006444
0105540025511
0105540041576
0105540048929
0105540062123
0105540069781
0105540081519
0105540091247
0105540091956
0105540094131
0105540099990
0105540102435
0105540104349
0105541000784
0105541006049
0105541010658
0105541013894
0105541031442
0105541047004
0105541048507
0105541055252
0105541056038
0105541068613
0105541068621
0105541068630
0105541072254
0105541073145
0105541076586
0105542000095
0105542010830
0105542012212
0105542018784
0105542031756
0105542040755
0105542041956
0105542045331
0105542049353
0105542053717
0105542066011
010554207018
0105542071430
0105542098095
0105543011961
0105543063767
0105543075293
0105543082753
0105543088573
0105543092686
0105543094956
0105543114663
0105544010608
0105544018650
0105544023912
0105544046220
0105544052319
0105544059241
0105544063701
0105544066565
0105544069068
0105544073324
0105544075203
0105544085314
010554409965
0105544101093
0105544104416
0105544110998
0105545023053
0105545044158
0105545044336
0105545056041
0105545058191
0105545058515
0105545058990
0105545069070
0105545082998
0105545096484
0105545098789
0105545122728
0105545131174
0105546003323
0105546007043
0105546014171
0105546015062
0105546028032
0105546029667
0105546037848
0105546047029
0105546047517
0105546050046
0105546053771
0105546053771
0105546054459
0105546057211
0105546063717
0105546064713
0105546066139
0105546071744
0105546087195
0105546087748
0105546100141
0105546100345
0105546126859
0105546127740
0105546138431
0105546152299
0105546152299
0105547010536
0105547012822
0105547013381
0105547022097
0105547027404
0105547030952
0105547032521
0105547063745
0105547066167
0105547069964
0105547071462
0105547074780
0105547075484
0105547076987
0105547083240
0105547089884
0105547094039
0105547098760
0105547102741
0105547113891
0105547121125
0105547126119
0105547135444
0105547141142
0105547141231
0105547164592
0105547164801
0105547166871
0105548000364
0105548004297
0105548041290
0105548082417
0105548097708
0105548098968
0105548119701
0105548126082
0105549002271
0105549002565
0105549009276
0105549021861
0105549024348
0105549051281
0105549108835
0105549113383
0105549115459
0105549117133
0105549118130
0105549126914
0105549136235
0105550032677
0105550042974
0105550100028
0105550104805
0105550106701
0105550107120
0105550109629
0105550113383
0105550116226
0105550125438
0105550131705
0105551002534
0105551030791
0105551035131
0105551052787
0105551057002
0105551066389
0105551068551
0105551100455
0105552018540
0105552041711
0105552058819
0105552079514
0105552094661
0105552105485
0105552115995
0105552136526
0105552136691
0105553009129
0105553018331
0105553048329
0105553050510
0105553051176
0105553055716
010555305741
0105553072238
0105553075946
0105553100215
0105553114739
0105553122189
0105553133237
0105553141701
0105553141809
0105553151855
0105554018539
0105554026001
0105554036235
0105554045269
0105554064093
0105554083420
01055541068630
0105554123260
0105554129934
0105554135292
0105554148211
01055545102468
0105555003292
0105555022459
0105555039912
0105555052358
0105555053303
0105555053702
0105555057929
0105555061616
0105555077270
0105555079663
0105555088964
0105555110731
0105555129717
0105555157567
0105555175379
0105555183771
0105555185790
0105555187164
0105556002150
0105556007178
0105556023149
0105556060958
0105556062314
010555608242
0105556082960
0105556102120
0105556110025
0105556142784
0105556159709
0105556162688
0105556167043
0105556176239
0105556196884
0105556199140
0105557005748
0105557036988
0105557046304
0105557047254
0105557047351
0105557074189
0105557122663
0105557129749
0105557133380
0105557139370
0105558010036
0105558011415
0105558094663
0105558109041
0105558133367
0105558158190
0105558192215
0105559019029
0105559038872
0105559058679
0105559060461
0105559061807
0105559067759
0105559080887
0105559096767
0105559114510
0105559139954
0105559174857
0105559193690
0105559194238
0105559198284
0105560007390
0105560018855
0105560062994
0105560089868
0105560090246
0105560195196
0105561016881
0105561132490
0105561138676
0105561150404
0105561164545
0105562016833
0105562052279
0105562054948
0105562144751
0105562202815
0105563001881
0105563007897
0105563009784
0105563009784
0105563019852
0105563026514
0105563144380
0105563161128
0105563161934
0105564013351
0105564171429
0105565066718
0105565082268
0105565169801
0105566095860
0105566098753
0105566171515
0105567240031
0107536000277
0107536000846
0107536000951
0107536001125
0107536001346
0107537000246
0107537000246
0107537000530
0107537000564
0107537000718
0107537000891
0107537001242
0107537001251
0107537001463
0107537001536
0107537001692
0107537001935
0107537002451
0107537002567
0107538000151
0107538000568
0107538000711
0107539000022
0107539000197
0107543000066
0107546000199
0107547000214
0107547000214
0107547000729
0107547000770
0107547001032
0107548000102
0107548000153
010755100002
0107553000042
0107553000131
0107553000191
0107554000267
0107554000267
0107555000023
0107556000116
0107556000248
0107556000256
0107556000493
0107556000523
0107557000179
0107557000390
0107558000199
0107560000117
0107560000346
0107561000013
0107562000220
0107562000220
0109549000051
0113534000373
0113539001912
0113548007171
0113557003999
0113559004011
0115521000363
0115524000798
0115528000890
0115529001334
0115530000397
0115530001601
0115531000021
0115532003113
0115532003776
0115535004323
0115535007471
0115535008141
0115536000011
0115536003266
0115537000694
0115537002549
0115537003103
0115537006889
0115538000230
0115538003875
0115539001426
0115539004310
0115539008846
0115540002406
0115541001349
0115541001373
0115541002515
0115541004208
0115542000168
0115542001431
0115542003647
0115543000340
0115543000463
0115543001982
0115543002113
0115543002857
0115543005911
0115544002681
0115545005454
0115545005896
0115545006019
0115545009832
0115546000502
0115546005458
0115546006632
0115546007850
0115547000514
0115547003271
0115547003271
0115547013471
0115548003592
0115548003592
0115548006001
0115548006001
0115548007962
0115548009507
0115548011587
0115549012102
0115550009217
0115551002780
011555100357
0115551003573
0115551008427
0115552010361
0115553004801
0115553012278
0115553013169
0115554010341
0115555013271
0115556001731
0115556008808
0115556019401
0115557006205
0115557009913
0115557015760
011555800449
0115558007957
0115559006822
0115559012725
0115559014183
0115559016356
0115559026483
0115560008434
0115560015520
0115562009888
0115562022965
0115562027614
0115562030445
0115563016012
0115563016306
0115563017892
0115564025287
0115565010925
0115566033872
0123535000237
0123537002393
0123546004468
0125524000119
0125530000095
0125537004070
0125538009849
0125540008145
0125541005786
0125542001610
0125542001784
0125542004350
0125542007626
0125543004973
0125544004781
0125544007844
0125545003290
0125545006591
0125545006710
0125545007201
0125545009077
0125545010296
0125546000588
0125546003170
0125546005857
0125546010061
0125547004595
0125547010030
0125548003606
0125549004789
0125549005289
0125549005866
0125549007257
0125549011106
0125550000490
0125550038110
0125551006238
0125551008168
0125551010596
0125552014714
0125552016113
0125553009943
0125553012162
0125553014491
0125554006531
0125555008006
0125555010566
0125555012836
0125555015258
0125556000556
0125556005370
0125556007895
0125556014760
0125557013058
0125559004064
0125560016011
0125560021554
0125560024243
0125560031461
0125561010386
0125562000074
0125562021535
0125563011011
0125563014371
0125563025615
0125564003186
0125565010984
0125565010984
0133530000069
0133532000015
0133536001822
0133545002038
013354700338
0133550026900
0133552004849
0133559004224
0135531000447
013553700036
0135539000527
0135539000624
0135542002594
0135543002440
0135543004132
0135544004942
0135545001246
0135545002501
0135545004041
0135546007981
0135548010459
0135550002832
0135551000655
0135551003468
0135551009351
0135551011851
0135552003496
0135552011464
0135553007886
0135554011232
0135554015351
0135555000421
0135555012593
0135555014766
0135555015461
0135556000602
0135556006392
0135556020972
0135557021336
0135558012411
0135558020619
0135559005052
0135559023638
0135560002363
0135562006960
0135562021128
0135563003883
0135563025607
0135565001306
0135565007711
0135565022788
0135566001067
0143535000334
0143537001028
0143539000541
0143540000207
0143551001749
0143551001871
0143553001983
0143560000792
0143560002060
0145509000031
0145535000522
0145538001350
0145539000551
0145540000322
0145542000613
0145543000552
0145544000645
0145546000391
0145546000987
0145548000950
0145548002146
0145549001526
0145551000710
0145552000641
0145552001876
0145553000318
0145553001764
0145554001105
0145554002837
0145555001800
0145555002857
0145555003365
0145557001092
0145559002835
0145559003408
0145560000565
0145560005079
0145561000020
0145561003088
0145563000931
0145563003310
0145563003310
0145563003832
0145567000935
0153558000543
0153560000482
0155542000010
015554400004
0155553000172
0155555000048
0155556000033
0155556000190
0155558000545
0155559000166
0155560000638
0155564000233
0163523000075
0163538000190
0163541000065
0163543000542
0163544000295
0163548000141
0163555000755
0163555001301
0163556000431
0163562000536
0163563000882
016553900030
0165543000331
016554400020
0165546000073
0165546000341
0165547000263
0165548000518
0165548000615
0165550000244
0165551000035
0165554000486
0165555000081
0165555000269
0165555000447
0165555000749
0165557000592
0165558000286
0165559001171
0165560000727
0165561000160
0165561001484
0165562001020
0165563000507
0165563000868
016556400055
0165564001353
0165564002392
0165566001571
0173534000098
0173536000184
0173536000222
0173536000354
0173537000315
0173546000128
0173549000161
0173554000093
0173560000466
0173560000466
0175545000126
0175551000035
0175560000549
0175561000224
0175562000031
0183527000126
0183536000231
0183542000158
0183545000167
0183547000091
0183557000434
0183559000334
0183560000792
0183561000079
0183561000494
0183563000394
0183567000283
0185526000035
0185545000029
0185552000187
0185553000105
0185555000021
0185556000041
0185557000045
0185559000387
0185560000166
0185561000402
0185562000091
0185564000471
0185566000800
018556700055
0193513000307
0193517000026
0193521000051
0193523000121
0193534001264
0193535000113
0193539001319
0193541000243
0193541000243
0193545001333
0193548000044
0193548001156
019355400147
0193555000801
0193559001764
0193560001926
0193561001571
0193562002130
0193563001030
0195522000022
0195524000011
0195534000448
0195536000071
0195537000317
0195540000667
0195540000799
0195542000117
0195544000564
0195545000169
0195545000177
0195545000347
0195545000631
0195547001049
0195548000381
0195548000461
0195548000852
0195550000295
0195550000813
0195551000787
0195552000497
0195552000756
0195552001019
0195553000971
0195553000971
0195553000989
0195554000711
0195555000412
0195555001001
0195555001222
0195555001451
0195556000548
0195556000548
0195558001282
0195558001614
0195558001878
0195559000158
0195559000514
0195559000581
0195559000671
0195560000221
0195560000913
0195561000208
0195561000259
0195561002308
0195562000279
0195562001992
0195562003201
0195562003405
0195564000292
0195564001671
0195565000768
0195565000920
0195565002621
0195565003007
0203492000027
0203517000360
020351900026
0203544003285
0203549004981
0205517000043
0205518000055
0205522000064
0205522000064
0205528000317
0205529000116
0205531003801
0205532001586
0205533000079
0205533001016
0205536000843
0205537005369
0205540001379
0205541001399
0205541002352
0205545006808
0205546007751
0205547009421
0205548007601
0205548022871
0205548034543
0205549014171
0205550004214
0205550012993
0205550013850
0205551001324
0205551014272
0205551027811
0205552001824
0205552008284
0205552016872
0205554008826
0205554008826
0205554009601
0205554010677
0205554015296
0205554019216
0205554019216
0205555007262
0205555026127
0205555026127
0205555032011
0205555035088
0205555035681
0205556014777
0205556034867
0205557029221
0205558026632
0205559007275
0205559017301
0205559019265
0205560030552
0205560041112
0205561020291
0205561029230
0205561036694
0205561036694
0205561045961
0205562000120
0205562005474
0205562007841
0205562019726
0205562026561
0205563004706
0205563016895
0205564000585
0205564023232
0205565013133
0205565022175
0205565037555
0205565046601
0205566000221
0205566001040
0205566009598
0205568015439
0215539001671
0215544001055
0215547000670
0215549000791
0215552003860
0215554002321
0215555003526
0215555005863
0215556003431
0215556005328
0215559002184
0215560008174
0215560008573
0215561005659
0215563007268
0215564001387
0215566000302
0223515000095
0223523000058
0225544000342
0225555000225
0233537000292
0233561000370
0235546000111
0243542000297
0243546000828
0243565000234
0245522000013
0245529000051
0245531000128
0245538000565
0245538000565
0245543000381
0245545001172
0245546000587
0245546000641
0245547001145
0245548001114
0245548001211
0245551000441
0245551001201
0245551001464
0245552000330
0245552001085
0245553001810
0245554000400
0245555001868
0245556001357
0245558002725
0245562000545
024556200166
0245562001746
0245566005011
0245567000276
0253515000010
0253554002761
0253563000890
0255545000257
0255552000216
0255554000051
0255555000063
0255555000551
0255557001245
0255558000684
0255559001447
0263525000047
0263556000189
0263563000342
0265546000170
0265557000095
0265561000291
0265562000324
0265565000414
0273552000354
0273560000741
0275537000189
0275547000025
0275547000203
0275554000019
0275557000443
0275557000974
0275560000904
0303505000059
0303511000251
0303539003000
0303543001466
0303545003415
0303546000932
0303546001408
0303547001517
0303547002408
0303552002283
0303552003417
0303553004310
0303557001285
0303557003695
0303558002498
0303559003595
0303560004532
0303561002339
0303566002396
0305517000077
0305524000010
0305525000498
0305531000534
0305536001172
030553700072
0305537001851
0305543000151
0305543000194
0305543000208
0305545000736
0305546000934
0305546000985
0305546001213
0305546001264
0305548001466
0305549000137
0305550000897
0305550001028
0305550001460
0305551000653
0305552000185
0305552002161
0305553001371
0305554000191
0305554001022
0305554001723
0305555001484
0305555003452
0305555003614
0305557001635
0305558003593
0305558005006
0305559001551
0305559002205
0305559002957
0305559002973
0305559004461
0305560001322
0305560001861
0305561006344
0305563002524
0305563003881
0305567001859
0305567003886
0305567007121
031352100011
0313545001471
0313546000266
0313546000266
0313552000094
0313552000922
0313556000315
0313557000122
0313558000576
0313559000197
0313559000740
0313559001037
0313560002165
0313561000972
0313562000241
0313564001155
0315527000053
0315528000031
0315539000223
0315546000039
0315547000369
0315550000200
0315553000197
0315554000310
0315554000441
0315556000708
0315558000438
0315558000861
0315559000393
0315560001225
0315563001714
0315564000053
0323509000177
0323522000045
0323525000160
0323527000213
0323530000199
0323533000262
0323537000445
0323542000113
0323544000277
0323547000154
0323553001001
0323555000702
0323557000947
032355800131
0323561000417
0323564002275
0325507000015
0325541000111
0325543000089
0325546000209
0325546000292
0325547000105
0325547000377
0325548000303
0325550000188
0325552000142
0325552000231
0325553000430
032555900046
0325561000991
0333528000144
0333544000439
0333545000211
0335544000058
0335546000021
0335546000047
033554700003
0335547000105
0335553000111
0335554000174
0335559000113
0335562001133
0343508000017
0343531000028
0343540000396
0343544001478
0343546000754
0343548000841
0343548000867
0343550000712
0343555000192
0343558002552
0343559001452
0343565000365
0345506000011
0345539000088
0345547000521
0345549000218
0345549000218
0345550000226
0345552000258
0345553000723
0345554000671
0345556000406
0345558000250
0345558000667
0345558001353
0345558001426
0345559000903
0345559000911
0345559000920
0345559000938
0345559001225
0345559001241
0345559001888
0345560000342
0345560000369
0345561001393
0345562000927
0345563001005
0345563002010
0345563002788
0345564000401
0345564001882
0345564002781
0345564003184
0345565000812
0345565001428
0345565001762
0353521000041
0353534000100
0353543000249
0353544000218
0353552000230
0353553000501
0353553000519
0353554000016
0353557000424
0353557000441
0353557000564
0353558000215
0353558000487
0353558000622
0353559000014
0353559000243
0353560001479
035553100003
0355547000091
0355548000087
0355552000088
0355553000073
0355557000248
0355558000012
0355558000306
0355558000331
0355559000385
035555900296
0355560000474
0355562000153
0355562000277
0355562000277
0355562000340
0355562000471
0355562000480
0355563000289
0355563000424
0355563000530
0355563000564
0355564000274
0355564000380
0355564000398
0355564000509
0355564000541
0363499000013
0363558000304
0365532000031
0365539000169
036554400010
0365554000301
0365556000163
0365556000325
0365557000230
0365563000122
0365564001505
037354700003
0373555000273
0375546000021
0375554000018
0375562000145
0383560000448
0383566000181
0385557000256
0385559000113
0385560000164
0385564000100
0393544000315
0393555000648
0393558000584
0393560000120
0393561000263
0393562000607
0393563000333
0395547000024
0395548000109
0395551000025
0395557000027
0395563000351
0403517000104
0403521000202
0403523000471
0403527000328
0403529000511
0403540002533
0403545001403
0403545002108
0403547000340
0403547002563
0403549002838
0403550000177
0403551000685
0403553001590
0403553001590
0403553002472
0403556001183
0403560000366
0403560000366
040356000364
0403560004191
0403561000025
0403561003491
0403564004498
0405520000103
0405530000165
0405536000701
0405536000931
0405538000733
0405540000729
0405544000031
0405548000221
0405548000574
0405551000709
0405553001265
0405554001994
0405554002311
0405555000126
0405555002030
0405555002293
0405556001436
0405559002298
0405560001747
0405561002305
0405564002161
0405565006852
0405566002826
0405567001394
0413525000657
0413536000050
0413536000653
0413545001837
0413546000419
0413551000448
0413556002317
0413557000709
0413557002949
0413558001822
0413559001494
0413559002415
0413560002024
0415527000052
0415535000317
0415543000347
0415544000219
0415544000481
0415547000082
0415552001032
0415553000757
0415553001087
0415553001401
0415554000157
0415556001525
0415557001880
0415557001880
0415560003677
0415561003085
0415562002422
0415562002759
0415563001209
0415563002370
0415564003418
0415565004159
0415565004159
0415565004159
0415565004159
0423527000018
0423535000030
0423561000793
0433545000172
0433548000106
0433560001435
043356100007
0435554000025
0435554000742
0435557000557
0435562000951
0435564000796
0443510000028
0443512000068
0443512000084
0443512000149
0443532000080
0443537000681
0443537000681
0443545000083
0443546000796
0443555000116
0443559000561
0443562001629
0443565001417
0445543000061
0445546000071
0445551000113
0445552000257
0445555000444
0445556000502
0445557000352
044556200065
0453531000116
0453533000199
0453544000187
0453544000187
0453544000187
0453547000994
0453552000590
0453552000964
0453553001182
0453554000716
0453558001334
0453560000650
0453562000312
0453562000991
0455541000021
0455545000034
0455548000175
0455549000071
0455552000192
0455553000358
0455553000382
0455556000022
0455556000774
045555800021
0455558000283
0455560000228
0455560000236
0455562000063
0455563000962
0463525000142
0463538000421
0463545000237
0463553000712
0463554000252
0463559000030
0463563001614
0463563001762
0463564001707
0463564001855
0465519000014
0465532000022
0465550000098
0465555000096
0465557000069
0465558000224
0465559000376
0465561000817
0465563000539
0465564000931
0465564001032
0473542000252
0473547000218
0473553000534
0473553000593
0473557000962
0473562000827
0473564002452
0475549000012
0475550000110
0475555000240
0475557000123
0475557000433
0475557000433
0475558000585
0475560000325
0475562000861
0475563000741
0475567001513
0475568000031
0483514000057
0483526000057
0483547000021
0483550000665
0483555000051
0483555000051
0483562000380
0483563000847
0485557000271
0485558000399
0485559000082
0485559000091
0485559000309
0485559000597
0485560000171
0485563000466
0485563000610
0485564000087
0493552000255
0493562000193
0495533000026
0495539000117
0495554000076
0495558000224
0495562000284
0495562000314
0495563000211
0495564000052
0495565000145
0495565000161
050351900032
0503523000306
0503523000543
0503535004191
0503545006056
0503558000281
0503558006505
0503559002465
0503560000128
0503561007495
0503564005809
0505528000306
0505536004161
0505538003316
0505539000248
0505539002399
0505543001075
0505544003667
0505545003261
050554800550
0505550002634
0505555009076
0505556002687
0505558008615
0505558009611
0505559012641
0505560003374
0505561001227
0505561001227
0505561007284
0505562009787
0505562014853
0513556000879
0513562000451
0515544000153
0515544000315
0515555000770
0515556000269
0515556000391
0523541000720
0523545000945
0523545001321
0523551000161
0523555001839
0523557000341
0523557001453
0523559001221
0523560001302
0523563000161
0525530000105
0525534000380
0525537000518
0525540000108
0525559001029
0525562000071
0525564000124
0525564001678
0525565001060
0525565001752
0532535000011
0533531000018
0533541000096
0533544000127
0533549000591
0533554000057
0533554000154
0533557000139
0533557000732
0535552000019
0543538000579
0543550000362
054355300065
0543556000381
0543556000381
0543557000431
0545551000066
0553558000213
0553564001153
0555557000149
0555566000326
05556019559
0563536000521
0563540000572
0563560001027
0563562000125
0565532000056
0565549000038
0565555000290
0565556000234
0565560000405
0565561000361
0565566000113
0573526000161
0573534000124
0573537000133
0573538001834
0573542000600
0573543001090
0573546000370
0573546004057
0573556000097
0573557001267
0573560003399
0573560003453
0573560003461
0573563003179
0573565003362
0573565003362
0573566000693
0575520000013
0575541000462
0575542000024
0575545000408
0575547000219
0575550000356
0575556002261
0575558002200
0575560003111
0575560004656
0575562003916
057556400003
0575565001426
0583550000079
0603510000158
0603518000076
0603532000037
0603539001616
0603549001899
0603557000031
0603565001890
0605534000133
0605539000735
0605545000130
0605545000164
0605545000491
0605547000048
0605547000200
0605547000374
0605547000692
0605547000765
0605548000068
0605548000157
0605553000178
0605554000708
0605555000043
0605556000195
0605556001353
0605557000571
0605558000109
0605558000711
0605560000056
0605560001125
0605560002237
0605561000165
0605561000246
0605562002170
0605563000553
0605563000596
0605563002165
0605565000755
0605567001767
0613551000268
0623540000024
0623542000188
0623544000070
0623553000893
0623558001049
0623560001018
0623560001018
0625546000176
0625547000145
0625548000165
0625551000081
0625554000287
0625554000368
0625555000205
0625555000434
0625556000284
0625556000497
0625558000583
0625560000706
0625562000517
0625562000649
0625562000894
0625562000916
0625564001367
0625565000658
0633522000026
0633561001216
0635549000193
0635552000018
0635552000174
0635555000078
0635557000261
0643511000267
0643514000128
0643516000061
0643548000066
0643553000851
0643559000046
0643560000569
0643561000163
0645504000020
0645509000028
0653529000234
0653552000652
0653552000652
065356000227
0653560002499
0653561000023
0653563001311
0655542000171
0655548000050
0655550000070
0655550000444
0655552000573
0655557000253
0655559001061
0655560001966
0655560002202
0655562001131
0655562001777
065556500065
0663537000248
0663551000349
0663553000052
0663553000681
0663554000072
066553300003
0665540000077
0665541000038
0665544000021
0665544000187
0665548000076
0665551000111
0665552000085
0665555000027
0665558000303
0665558000311
0673519000037
0673520000096
0673532000118
0673535000097
0673535000259
0673542000501
0673546001235
0673546001324
0673553000541
0673558000727
0673561000571
0673561000767
0673561000767
0673564001586
0675545000075
0675547000030
0675549000142
0675550000126
0675557000091
0675562000649
0675562001513
0675563000278
0675564001219
0703515000180
0703535000088
0703547000495
0703565000655
0705517000049
0705533000104
0705536000121
0705538000293
0705541000151
0705542000171
0705546000361
0705547000802
0705548000890
0705549000052
0705549000222
0705549000656
0705551000269
0705553000347
0705554001215
0705554001428
0705555001146
0705556000143
0705558001821
0705560000772
0705560003283
0705560003569
0705561002795
0705561003767
0705562001652
0705562001750
0705562002667
0705563001931
0705563001931
0705564000599
0705565002790
0713540001186
0713541000388
0713542000551
0713543000539
0713546001315
0713555000571
0713556001598
0713556001822
0715497000014
0715511000039
0715518000034
0715520000011
0715521000015
0715529000103
0715530000146
0715537000524
0715542000367
0715544000291
0715545000376
0715546000167
0715547000454
0715547000551
0715547000781
0715548000113
0715550000125
0715552000122
0715554000359
0715555000824
0715555001014
0715556000887
0715558000329
0715558001503
0715559000586
0715560001621
0715560003011
0715560003348
0715563000226
0715564002389
0723523000045
0723523000100
0723530000136
0723531000296
0723533000081
0723533000129
0723533000285
0723535000797
0723546000114
0723548000154
0723549000841
0723554001019
0723559000550
0723561000197
0725530000065
0725533000015
0725536000351
0725539000696
0725540000386
0725542000111
0725544000038
0725545000210
0725546000035
0725546000311
0725546000400
0725546000469
0725547000381
0725548000156
0725548000512
072555000014
0725553000096
0725554000154
0725555000191
0725555000638
0725555000760
0725555001120
0725555001219
0725556001131
0725559001060
0725559001761
0725560000012
0725560000284
0725560000705
0725560000861
0725560001744
0725560001914
0725560002244
0725560002384
0725560002384
0725562000532
0725562000915
0725562001709
0725562001776
0725564000076
0725564000190
0725565002421
0733517000101
0733520000052
0733524000049
0733525000182
0733531000288
0733542001043
0733545000013
0733549002011
0733550000638
0733557000951
0735517000120
0735527000271
0735529000405
0735529000511
0735534000876
0735534001376
0735535002163
0735535002295
0735536000105
0735537002284
0735539001480
0735540000751
0735540001633
0735541000819
0735541001343
0735542000545
0735542000651
0735542001029
0735542001215
0735542001339
0735543000077
0735543001201
0735545000121
0735545001054
0735547000039
0735547000080
0735547000764
0735548001624
0735548002159
0735549000681
0735549001156
0735549001628
0735549001946
0735550002021
0735550002047
0735550002055
0735551000927
0735551001729
0735551002555
0735552002974
0735553000215
0735553000801
0735553001068
0735553002633
0735553003061
0735553003061
0735553003796
0735553004075
0735554003331
0735554004044
0735554004427
0735554004761
0735557000813
0735557003383
0735557003898
0735557006331
0735558000876
0735558005941
0735558007374
0735559000586
0735559001949
0735559003381
0735559006380
0735559006509
0735560003054
0735560007149
0735561002116
0735561002388
0735561002825
0735561003546
0735562003272
0735562006689
0735562008991
0735562009408
0735564003776
0735564009111
0735565001602
0735565002161
0735565004547
0735566006551
0737354802411
0743538001387
0743542000683
0743560001734
0743566000349
0745520000011
0745520000089
0745521000031
0745526000200
0745531000301
0745531000301
0745531000301
0745531000344
0745532000054
0745532000798
0745532000976
074553300015
0745533000236
0745533000546
0745536000482
0745537001121
0745537001814
0745537002403
0745537002446
0745538002539
0745539000912
0745540000726
0745540000947
0745541000592
0745541000908
0745542000065
0745543000778
0745544001026
0745545000325
0745545001836
0745545002875
0745546001678
0745546001937
0745546002071
0745547000012
0745547001221
0745548001039
0745548003333
0745549000389
0745550002292
0745551000188
0745552001510
0745554001282
0745554002203
0745554002670
0745554003561
0745554004231
0745555001596
0745555001791
0745555001839
0745556000160
0745556002863
0745556003878
0745556007342
0745557001593
0745558000094
0745558003735
0745558003921
0745558004146
0745559001035
0745560005871
0745560007556
0745560008170
0745560010140
0745562009319
0745564009227
0745565000584
0753520000052
0753550000158
0755547000225
0763533000226
0763533000285
0763559000380
0763561000022
0763564000201
0765549001202
0765549001202
0765558000591
0765561001411
0765561001411
0765563000251
0765563001168
076556500010
0765565000673
0773538000712
0773554001043
0775536000156
0775562003787
0775567001936
0775567004382
0803511000061
0803540000375
0803541000301
0803541000433
0803553001090
0803556001171
0803558000075
0803559002322
0803560000150
0803560002331
0805537000272
0805537000639
0805539000067
0805539000067
0805539000814
0805545000740
0805546000417
0805546000697
0805551000411
0805554000315
0805557000162
0805558001260
0805559001867
0805560000127
0805560000224
0805560000691
0805562002500
0805566003373
0813527000081
0815553000206
0815560002286
0815565000362
0825546000085
0825553000010
0825554000307
0825560000402
0825562000680
0825564000199
0833516000123
0833516000140
0833538000738
0835525000248
0835566012305
0843540000570
0843541001529
0843549001587
0843554001433
0843555002174
0843558000318
0843559002471
0843560001865
0843565001502
0845529000137
0845535000909
0845536000180
0845546004064
0845548010240
0845550002895
0845557009275
0845559001557
0845559005854
0845559008802
0845560002952
0845562006831
0845562007391
0845562009504
0845563007203
0853532000027
0853535000214
0853559000257
0853559000257
0855532000011
0855533000057
0855547000038
0855568000282
0863534000385
0863545000357
0863547000559
0863558000041
0865517000013
0865532000096
0865548000236
0865549000116
0865553000222
0865556000118
0865556000185
0865556000614
0903510000244
0903510000244
0903517000304
0903539001605
0903539003110
0903539004302
0903540001354
0903547002976
0903554002706
0905000000449
0905000000686
0905522000289
0905530000357
0905533000668
0905534000823
0905539002115
0905540001607
0905542001655
0905546000114
0905546000173
0905547000720
0905550001189
0905553003000
0905556004431
0905559000240
0905559000525
0905559006272
0905560001548
0905560004270
0905560007376
0905562001839
0905564002433
0922108002873
0925522000106
0925526000046
0925532000133
0925534000149
0925540000091
0925540000091
0925540000104
0925560001173
0925562001545
0933528000025
0933544000255
0933560001279
0933567000201
0935561000171
0935562000760
0943538000222
0943546000015
0945525000026
0945526000038
0945531000059
0945532000028
094553600008
0945545000021
0945547000126
0945552000228
0953550000237
0955556000273
0955557000404
0963554000461
0963556000166
0965540000074
0994000535805
0994000542232
0994000549644
0994000549644
0994000622155
0994001040460
1014000262553
1031000362551
103525034414
1055180117590000
105526023817
105533003508
105533013562
105542071430
105547071616
105548121293
105552033999
1070010022520
1070050012526
1072010012546
1074000022515
107537000262
107556000248
115521000169
125553010895
1300000125332
1340700406544
1400000225178
1420900018288
1430500092383
1434101000739
1459900032165
1509900793009
153538000068
1580200010364
1600000125285
1650200136278
1719900096128
1800000125135
1809900247907
183567000020
1900000125301
1900000325189
1900000425153
1900000425153
1920300010729
203492000027
205555001876
2071010062551
2074030012536
2550700174711
2550700174711
3000000125188
3000000125276
3000000125348
3000000225178
303548002703
303549003541
305539000061
305558004026
3100501676205
3101401039034
3110102196030
3200002625585
3210300043743
3229900090821
325559000652
3300000125190
3301900151547
3349900739843
3400000125135
3430500424757
3449900027273
3459900190719
3460100558748
3471201693323
3480400314950
353558000592
3560100983260
3560300875126
3570700179046
3570700962000
3571000259072
3580200015257
3660500576946
3720400640803
3760400220553
3770600379441
3800101137718
3800900641905
3800901065371
3810100548676
3910300041116
4000000125323
403565005943
405546001115
4100000125212
4100000425383
46315
465550000098
4700000125353
5000000725524
5000001325435
505566004941
5100000225245
5101799046958
534294965-9-0
5461090013261
5461100003115
5471290037091
575548000191
575552000973
6200000125204
625553000101
635554000368
673531000050
675560001079
715520000011
715560002279
7300000125149
735543000239
745550002292
745560004417
7600000125265
7600000125366
8000000125213
8570873002491
จ3-14-2/39สพ
ศ3-14-2/35กจ







0655552000573

0105526049913

0994000549644
0735557003898


5100000225245
0105532096537
0655557000253

0603532000037

3101401039034


3571000259072


505566004941
5000000725524








3570700962000
103525034414
0565561000361


0165543000331
1600000125285













0563560001027

8570873002491
0105544085314
1509900793009
3560100983260
3660500576946
0145559003408

0107536001125
3560300875126
0505545003261
0525537000518
0855547000038
0855568000282
8000000125213
0845559008802
0833538000738
0865549000116
0107538000568

0905559000240

0825546000085
0845560002952

0865556000614
0815565000362

0905534000823

0845562007391



0845563007203
0955557000404
46315

0825564000199
0905560001548
0843565001502
0815560002286


0863558000041
0945547000126
0853559000257



0107543000066










3810100548676


0905564002433
0903510000244
0455553000358
3760400220553




0107562000220


3910300041116






3800901065371
0105527018663
0805539000067
0925532000133

0845559001557

0805539000067

0803541000433
1920300010729
0815553000206
0745531000301
3770600379441
1809900247907

074553300015
0305536001172
0105546007043

0735540001633
0105566095860
0135565001306


0835566012305
0105546100345

0105555053303


0735562003272


0745555001791
0105554148211

010554207018
072555000014
0735542001029
0105554026001
0703565000655
0105566171515
0105560007390
0705560003569

0105535075018

0125542007626
0115547013471
0105552094661
0735559003381
0763533000285
0125556007895
0735566006551

0725544000038
0735553000215

0105546138431

0735545000121
1070010022520
0735529000511
0735553001068

0763559000380

0905546000114

0125557013058

7600000125366

0105551100455
010555608242
0745559001035

0723548000154
0773554001043
0165557000592
0735549001156
0205549014171
0103521022055

0105553009129



0445556000502

125553010895
0735529000405
010553611319
0733545000013

3110102196030
0735553003061
1340700406544
1719900096128
0735559006380


0735534000876

0765563001168
0725562000915

0725564000190
0723546000114
0735554004761
0115556019401












2074030012536









0725560002384



2071010062551















0735553003061




0735534001376







ศ3-14-2/35กจ



0543556000381
0735561002116
0735549001628
0745556000160
0735547000039
0105557047254
3800101137718
011555100357
1420900018288
0105531015916
0703515000180
0745550002292
0705538000293
0105537046473
0105554135292
0723561000197
0105528044137
1072010012546
1070050012526
0125547004595
7300000125149
0994000535805
1074000022515
7600000125265
0994000542232
0105538136166
0745521000031
3720400640803
0105562016833
จ3-14-2/39สพ
0605563000553
0105531052838
0705517000049
0103514021383
0745537001121
0745541000592
0105509004699
0745547001221
0725560000284
0105513001747
0673535000097
0105515000918
0105532004021
0105516004925
0105546003323
0135539000527
0195562003201
0105563009784
0105547066167
0725539000696
305539000061
303549003541
303548002703
735543000239
745550002292
305558004026
715560002279
0713555000571
745560004417
105526023817
0745552001510
0745536000482
0503523000306